ring_dimension = 4096
crt_depth = 5
crt_bits = 51
base_bits = 20
switched_modulus = "431359140246658059678711139224465721413543900671837184566486422781952"
d = 1
input_size = 1
level_width = 1
encoding_sigma = 15.82764
hardcoded_key_sigma = 15.82764
p_sigma = 15.82764
input = [true]
