ring_dimension = 8192
crt_depth = 6
crt_bits = 51
base_bits = 20
switched_modulus = "242833611528216133864932738352844082358996736827870043467279656893386864455514587136"
d = 1
input_size = 1
level_width = 1
public_circuit_path = "e2e/circuits/public_circuit.real.json"
encoding_sigma = 12.05698
hardcoded_key_sigma = 40615715852990820734.97011
p_sigma = 12.05698
input = [false]
