ring_dimension = 8192
crt_depth = 7
crt_bits = 51
base_bits = 20
switched_modulus = "546812681195752981093125556779405341132604288058152353837071503782819436677001997601680811337187328"
d = 1
input_size = 1
level_width = 1
public_circuit_path = "e2e/circuits/public_circuit.real.json"
encoding_sigma = 12.91885
hardcoded_key_sigma = 108910396484176728921799104269415406.33545
p_sigma = 12.91885
input = [false]
